J_dcM = 3.2284E-6;
b_dcM = 3.5077E-6;
K_dcM = 0.0274;
R_dcM = 4;
L_dcM = 2.75E-6;